20,000000 1120,000000 1110,820393 1,569903 1,569896 0,000007 0,174520 -0,174520 0,174535
21,000000 1228,500000 1183,755672 1,569982 1,569952 0,000031 0,174497 -0,174497 0,174559
22,000000 1342,000000 1257,918600 1,570051 1,570001 0,000050 0,174478 -0,174478 0,174578
23,000000 1460,500000 1333,280938 1,570112 1,570046 0,000065 0,174462 -0,174462 0,174593
24,000000 1584,000000 1409,816307 1,570165 1,570087 0,000078 0,174450 -0,174450 0,174606
25,000000 1712,500000 1487,500000 1,570212 1,570124 0,000088 0,174439 -0,174439 0,174616
26,000000 1846,000000 1566,308805 1,570255 1,570158 0,000097 0,174431 -0,174431 0,174625
27,000000 1984,500000 1646,220866 1,570292 1,570189 0,000104 0,174424 -0,174424 0,174631
28,000000 2128,000000 1727,215551 1,570326 1,570217 0,000109 0,174419 -0,174419 0,174637
29,000000 2276,500000 1809,273346 1,570357 1,570244 0,000113 0,174414 -0,174414 0,174641
30,000000 2430,000000 1892,375754 1,570385 1,570268 0,000117 0,174411 -0,174411 0,174645
31,000000 2588,500000 1976,505214 1,570410 1,570290 0,000120 0,174408 -0,174408 0,174647
32,000000 2752,000000 2061,645020 1,570433 1,570311 0,000122 0,174406 -0,174406 0,174649
33,000000 2920,500000 2147,779255 1,570454 1,570331 0,000123 0,174405 -0,174405 0,174651
34,000000 3094,000000 2234,892733 1,570473 1,570349 0,000124 0,174404 -0,174404 0,174652
35,000000 3272,500000 2322,970943 1,570491 1,570366 0,000125 0,174403 -0,174403 0,174653
36,000000 3456,000000 2412,000000 1,570507 1,570382 0,000125 0,174403 -0,174403 0,174653
37,000000 3644,500000 2501,966602 1,570522 1,570397 0,000125 0,174402 -0,174402 0,174653
38,000000 3838,000000 2592,857991 1,570536 1,570411 0,000125 0,174403 -0,174403 0,174653
39,000000 4036,500000 2684,661915 1,570549 1,570424 0,000125 0,174403 -0,174403 0,174653
40,000000 4240,000000 2777,366596 1,570560 1,570436 0,000124 0,174404 -0,174404 0,174652
41,000000 4448,500000 2870,960703 1,570572 1,570448 0,000124 0,174404 -0,174404 0,174651
42,000000 4662,000000 2965,433320 1,570582 1,570459 0,000123 0,174405 -0,174405 0,174650
43,000000 4880,500000 3060,773924 1,570591 1,570470 0,000122 0,174406 -0,174406 0,174650
44,000000 5104,000000 3156,972362 1,570600 1,570480 0,000121 0,174407 -0,174407 0,174649
45,000000 5332,500000 3254,018827 1,570609 1,570489 0,000120 0,174408 -0,174408 0,174648
46,000000 5566,000000 3351,903844 1,570617 1,570498 0,000119 0,174409 -0,174409 0,174646
47,000000 5804,500000 3450,618247 1,570624 1,570507 0,000118 0,174410 -0,174410 0,174645
48,000000 6048,000000 3550,153163 1,570631 1,570515 0,000116 0,174411 -0,174411 0,174644
49,000000 6296,500000 3650,500000 1,570638 1,570522 0,000115 0,174413 -0,174413 0,174643
50,000000 6550,000000 3751,650429 1,570644 1,570530 0,000114 0,174414 -0,174414 0,174642
